333333333333333333333333333333333333333333333333333
333333333333333333333333333333333333333333333333333
333333333333333333000333333333333333333333333333333
333333333333333330000000333333333333333333333333333
333333333330000000033333333033333333333333333333333
333333333000000333333333000003333333333333333333333
333333333333333333333333303333333333333333333333333
333333333333333333333333333333333333333333333333333
333333333333333333333333333333333333333333333333333
333333333333333333333333333333333333333333333333333
333333333333333333333333333333335555555555555555555
333333333333333333333333333555555555555555555555555
333333333333333333335555555555555555555555555555555
333333333335555555555555555555555555555555555555555
333355555555555555555555555555555555555555555555555
555555555555555555555555555555555555555555555555555
555555555555555555555555555555555555555555555555555
555555555555555555555555555555555555555555555555555
888888888888888888888888888888888888888888888888888
